1
1700,1700,1700,1300,1700,1300,2000,2000,2000,2000,2000,2000,600,600,600,600,600,600,2000
900,900,900,1200,900,1300,2000,2000,2000,2000,2000,2000,600,600,600,600,600,600,2000
    ,    ,    ,    ,    ,    ,    ,    ,    ,    ,    ,    ,    ,    ,    ,    ,    ,    ,    
    ,    ,    ,    ,    ,    ,    ,    ,    ,    ,    ,    ,    ,    ,    ,    ,    ,    ,    
    ,    ,    ,    ,    ,    ,    ,    ,    ,    ,    ,    ,    ,    ,    ,    ,    ,    ,    
    ,    ,    ,    ,    ,    ,    ,    ,    ,    ,    ,    ,    ,    ,    ,    ,    ,    ,    
    ,    ,    ,    ,    ,    ,    ,    ,    ,    ,    ,    ,    ,    ,    ,    ,    ,    ,    
    ,    ,    ,    ,    ,    ,    ,    ,    ,    ,    ,    ,    ,    ,    ,    ,    ,    ,    
1
1250,1250,1250,1300,1300,600,2000,2000,2000,2000,2000,2000,600,600,600,600,600,600,2000
1700,1700,1700,1200,1700,1300,2000,2000,2000,2000,2000,2000,600,600,600,600,600,600,2000
    ,    ,    ,    ,    ,    ,    ,    ,    ,    ,    ,    ,    ,    ,    ,    ,    ,    ,    
    ,    ,    ,    ,    ,    ,    ,    ,    ,    ,    ,    ,    ,    ,    ,    ,    ,    ,    
    ,    ,    ,    ,    ,    ,    ,    ,    ,    ,    ,    ,    ,    ,    ,    ,    ,    ,    
    ,    ,    ,    ,    ,    ,    ,    ,    ,    ,    ,    ,    ,    ,    ,    ,    ,    ,    
    ,    ,    ,    ,    ,    ,    ,    ,    ,    ,    ,    ,    ,    ,    ,    ,    ,    ,    
    ,    ,    ,    ,    ,    ,    ,    ,    ,    ,    ,    ,    ,    ,    ,    ,    ,    ,    
5
    ,    ,    ,    ,    ,    ,    ,    ,    ,    ,    ,    ,    ,    ,    ,    ,    ,    ,    
    ,    ,    ,    ,    ,    ,    ,    ,    ,    ,    ,    ,    ,    ,    ,    ,    ,    ,    
    ,    ,    ,    ,    ,    ,    ,    ,    ,    ,    ,    ,    ,    ,    ,    ,    ,    ,    
    ,    ,    ,    ,    ,    ,    ,    ,    ,    ,    ,    ,    ,    ,    ,    ,    ,    ,    
    ,    ,    ,    ,    ,    ,    ,    ,    ,    ,    ,    ,    ,    ,    ,    ,    ,    ,    
    ,    ,    ,    ,    ,    ,    ,    ,    ,    ,    ,    ,    ,    ,    ,    ,    ,    ,    
    ,    ,    ,    ,    ,    ,    ,    ,    ,    ,    ,    ,    ,    ,    ,    ,    ,    ,    
    ,    ,    ,    ,    ,    ,    ,    ,    ,    ,    ,    ,    ,    ,    ,    ,    ,    ,    
0
    ,    ,    ,    ,    ,    ,    ,    ,    ,    ,    ,    ,    ,    ,    ,    ,    ,    ,    
    ,    ,    ,    ,    ,    ,    ,    ,    ,    ,    ,    ,    ,    ,    ,    ,    ,    ,    
    ,    ,    ,    ,    ,    ,    ,    ,    ,    ,    ,    ,    ,    ,    ,    ,    ,    ,    
    ,    ,    ,    ,    ,    ,    ,    ,    ,    ,    ,    ,    ,    ,    ,    ,    ,    ,    
    ,    ,    ,    ,    ,    ,    ,    ,    ,    ,    ,    ,    ,    ,    ,    ,    ,    ,    
    ,    ,    ,    ,    ,    ,    ,    ,    ,    ,    ,    ,    ,    ,    ,    ,    ,    ,    
    ,    ,    ,    ,    ,    ,    ,    ,    ,    ,    ,    ,    ,    ,    ,    ,    ,    ,    
    ,    ,    ,    ,    ,    ,    ,    ,    ,    ,    ,    ,    ,    ,    ,    ,    ,    ,    
0
    ,    ,    ,    ,    ,    ,    ,    ,    ,    ,    ,    ,    ,    ,    ,    ,    ,    ,    
    ,    ,    ,    ,    ,    ,    ,    ,    ,    ,    ,    ,    ,    ,    ,    ,    ,    ,    
    ,    ,    ,    ,    ,    ,    ,    ,    ,    ,    ,    ,    ,    ,    ,    ,    ,    ,    
    ,    ,    ,    ,    ,    ,    ,    ,    ,    ,    ,    ,    ,    ,    ,    ,    ,    ,    
    ,    ,    ,    ,    ,    ,    ,    ,    ,    ,    ,    ,    ,    ,    ,    ,    ,    ,    
    ,    ,    ,    ,    ,    ,    ,    ,    ,    ,    ,    ,    ,    ,    ,    ,    ,    ,    
    ,    ,    ,    ,    ,    ,    ,    ,    ,    ,    ,    ,    ,    ,    ,    ,    ,    ,    
    ,    ,    ,    ,    ,    ,    ,    ,    ,    ,    ,    ,    ,    ,    ,    ,    ,    ,    
0
    ,    ,    ,    ,    ,    ,    ,    ,    ,    ,    ,    ,    ,    ,    ,    ,    ,    ,    
    ,    ,    ,    ,    ,    ,    ,    ,    ,    ,    ,    ,    ,    ,    ,    ,    ,    ,    
    ,    ,    ,    ,    ,    ,    ,    ,    ,    ,    ,    ,    ,    ,    ,    ,    ,    ,    
    ,    ,    ,    ,    ,    ,    ,    ,    ,    ,    ,    ,    ,    ,    ,    ,    ,    ,    
    ,    ,    ,    ,    ,    ,    ,    ,    ,    ,    ,    ,    ,    ,    ,    ,    ,    ,    
    ,    ,    ,    ,    ,    ,    ,    ,    ,    ,    ,    ,    ,    ,    ,    ,    ,    ,    
    ,    ,    ,    ,    ,    ,    ,    ,    ,    ,    ,    ,    ,    ,    ,    ,    ,    ,    
    ,    ,    ,    ,    ,    ,    ,    ,    ,    ,    ,    ,    ,    ,    ,    ,    ,    ,    
0
    ,    ,    ,    ,    ,    ,    ,    ,    ,    ,    ,    ,    ,    ,    ,    ,    ,    ,    
    ,    ,    ,    ,    ,    ,    ,    ,    ,    ,    ,    ,    ,    ,    ,    ,    ,    ,    
    ,    ,    ,    ,    ,    ,    ,    ,    ,    ,    ,    ,    ,    ,    ,    ,    ,    ,    
    ,    ,    ,    ,    ,    ,    ,    ,    ,    ,    ,    ,    ,    ,    ,    ,    ,    ,    
    ,    ,    ,    ,    ,    ,    ,    ,    ,    ,    ,    ,    ,    ,    ,    ,    ,    ,    
    ,    ,    ,    ,    ,    ,    ,    ,    ,    ,    ,    ,    ,    ,    ,    ,    ,    ,    
    ,    ,    ,    ,    ,    ,    ,    ,    ,    ,    ,    ,    ,    ,    ,    ,    ,    ,    
    ,    ,    ,    ,    ,    ,    ,    ,    ,    ,    ,    ,    ,    ,    ,    ,    ,    ,    
0
    ,    ,    ,    ,    ,    ,    ,    ,    ,    ,    ,    ,    ,    ,    ,    ,    ,    ,    
    ,    ,    ,    ,    ,    ,    ,    ,    ,    ,    ,    ,    ,    ,    ,    ,    ,    ,    
    ,    ,    ,    ,    ,    ,    ,    ,    ,    ,    ,    ,    ,    ,    ,    ,    ,    ,    
    ,    ,    ,    ,    ,    ,    ,    ,    ,    ,    ,    ,    ,    ,    ,    ,    ,    ,    
    ,    ,    ,    ,    ,    ,    ,    ,    ,    ,    ,    ,    ,    ,    ,    ,    ,    ,    
    ,    ,    ,    ,    ,    ,    ,    ,    ,    ,    ,    ,    ,    ,    ,    ,    ,    ,    
    ,    ,    ,    ,    ,    ,    ,    ,    ,    ,    ,    ,    ,    ,    ,    ,    ,    ,    
    ,    ,    ,    ,    ,    ,    ,    ,    ,    ,    ,    ,    ,    ,    ,    ,    ,    ,    
0
    ,    ,    ,    ,    ,    ,    ,    ,    ,    ,    ,    ,    ,    ,    ,    ,    ,    ,    
    ,    ,    ,    ,    ,    ,    ,    ,    ,    ,    ,    ,    ,    ,    ,    ,    ,    ,    
    ,    ,    ,    ,    ,    ,    ,    ,    ,    ,    ,    ,    ,    ,    ,    ,    ,    ,    
    ,    ,    ,    ,    ,    ,    ,    ,    ,    ,    ,    ,    ,    ,    ,    ,    ,    ,    
    ,    ,    ,    ,    ,    ,    ,    ,    ,    ,    ,    ,    ,    ,    ,    ,    ,    ,    
    ,    ,    ,    ,    ,    ,    ,    ,    ,    ,    ,    ,    ,    ,    ,    ,    ,    ,    
    ,    ,    ,    ,    ,    ,    ,    ,    ,    ,    ,    ,    ,    ,    ,    ,    ,    ,    
    ,    ,    ,    ,    ,    ,    ,    ,    ,    ,    ,    ,    ,    ,    ,    ,    ,    ,    
0
    ,    ,    ,    ,    ,    ,    ,    ,    ,    ,    ,    ,    ,    ,    ,    ,    ,    ,    
    ,    ,    ,    ,    ,    ,    ,    ,    ,    ,    ,    ,    ,    ,    ,    ,    ,    ,    
    ,    ,    ,    ,    ,    ,    ,    ,    ,    ,    ,    ,    ,    ,    ,    ,    ,    ,    
    ,    ,    ,    ,    ,    ,    ,    ,    ,    ,    ,    ,    ,    ,    ,    ,    ,    ,    
    ,    ,    ,    ,    ,    ,    ,    ,    ,    ,    ,    ,    ,    ,    ,    ,    ,    ,    
    ,    ,    ,    ,    ,    ,    ,    ,    ,    ,    ,    ,    ,    ,    ,    ,    ,    ,    
    ,    ,    ,    ,    ,    ,    ,    ,    ,    ,    ,    ,    ,    ,    ,    ,    ,    ,    
    ,    ,    ,    ,    ,    ,    ,    ,    ,    ,    ,    ,    ,    ,    ,    ,    ,    ,    
0
    ,    ,    ,    ,    ,    ,    ,    ,    ,    ,    ,    ,    ,    ,    ,    ,    ,    ,    
    ,    ,    ,    ,    ,    ,    ,    ,    ,    ,    ,    ,    ,    ,    ,    ,    ,    ,    
    ,    ,    ,    ,    ,    ,    ,    ,    ,    ,    ,    ,    ,    ,    ,    ,    ,    ,    
    ,    ,    ,    ,    ,    ,    ,    ,    ,    ,    ,    ,    ,    ,    ,    ,    ,    ,    
    ,    ,    ,    ,    ,    ,    ,    ,    ,    ,    ,    ,    ,    ,    ,    ,    ,    ,    
    ,    ,    ,    ,    ,    ,    ,    ,    ,    ,    ,    ,    ,    ,    ,    ,    ,    ,    
    ,    ,    ,    ,    ,    ,    ,    ,    ,    ,    ,    ,    ,    ,    ,    ,    ,    ,    
    ,    ,    ,    ,    ,    ,    ,    ,    ,    ,    ,    ,    ,    ,    ,    ,    ,    ,    
0
    ,    ,    ,    ,    ,    ,    ,    ,    ,    ,    ,    ,    ,    ,    ,    ,    ,    ,    
    ,    ,    ,    ,    ,    ,    ,    ,    ,    ,    ,    ,    ,    ,    ,    ,    ,    ,    
    ,    ,    ,    ,    ,    ,    ,    ,    ,    ,    ,    ,    ,    ,    ,    ,    ,    ,    
    ,    ,    ,    ,    ,    ,    ,    ,    ,    ,    ,    ,    ,    ,    ,    ,    ,    ,    
    ,    ,    ,    ,    ,    ,    ,    ,    ,    ,    ,    ,    ,    ,    ,    ,    ,    ,    
    ,    ,    ,    ,    ,    ,    ,    ,    ,    ,    ,    ,    ,    ,    ,    ,    ,    ,    
    ,    ,    ,    ,    ,    ,    ,    ,    ,    ,    ,    ,    ,    ,    ,    ,    ,    ,    
    ,    ,    ,    ,    ,    ,    ,    ,    ,    ,    ,    ,    ,    ,    ,    ,    ,    ,    
0
    ,    ,    ,    ,    ,    ,    ,    ,    ,    ,    ,    ,    ,    ,    ,    ,    ,    ,    
    ,    ,    ,    ,    ,    ,    ,    ,    ,    ,    ,    ,    ,    ,    ,    ,    ,    ,    
    ,    ,    ,    ,    ,    ,    ,    ,    ,    ,    ,    ,    ,    ,    ,    ,    ,    ,    
    ,    ,    ,    ,    ,    ,    ,    ,    ,    ,    ,    ,    ,    ,    ,    ,    ,    ,    
    ,    ,    ,    ,    ,    ,    ,    ,    ,    ,    ,    ,    ,    ,    ,    ,    ,    ,    
    ,    ,    ,    ,    ,    ,    ,    ,    ,    ,    ,    ,    ,    ,    ,    ,    ,    ,    
    ,    ,    ,    ,    ,    ,    ,    ,    ,    ,    ,    ,    ,    ,    ,    ,    ,    ,    
    ,    ,    ,    ,    ,    ,    ,    ,    ,    ,    ,    ,    ,    ,    ,    ,    ,    ,    
0
    ,    ,    ,    ,    ,    ,    ,    ,    ,    ,    ,    ,    ,    ,    ,    ,    ,    ,    
    ,    ,    ,    ,    ,    ,    ,    ,    ,    ,    ,    ,    ,    ,    ,    ,    ,    ,    
    ,    ,    ,    ,    ,    ,    ,    ,    ,    ,    ,    ,    ,    ,    ,    ,    ,    ,    
    ,    ,    ,    ,    ,    ,    ,    ,    ,    ,    ,    ,    ,    ,    ,    ,    ,    ,    
    ,    ,    ,    ,    ,    ,    ,    ,    ,    ,    ,    ,    ,    ,    ,    ,    ,    ,    
    ,    ,    ,    ,    ,    ,    ,    ,    ,    ,    ,    ,    ,    ,    ,    ,    ,    ,    
    ,    ,    ,    ,    ,    ,    ,    ,    ,    ,    ,    ,    ,    ,    ,    ,    ,    ,    
    ,    ,    ,    ,    ,    ,    ,    ,    ,    ,    ,    ,    ,    ,    ,    ,    ,    ,    
0
    ,    ,    ,    ,    ,    ,    ,    ,    ,    ,    ,    ,    ,    ,    ,    ,    ,    ,    
    ,    ,    ,    ,    ,    ,    ,    ,    ,    ,    ,    ,    ,    ,    ,    ,    ,    ,    
    ,    ,    ,    ,    ,    ,    ,    ,    ,    ,    ,    ,    ,    ,    ,    ,    ,    ,    
    ,    ,    ,    ,    ,    ,    ,    ,    ,    ,    ,    ,    ,    ,    ,    ,    ,    ,    
    ,    ,    ,    ,    ,    ,    ,    ,    ,    ,    ,    ,    ,    ,    ,    ,    ,    ,    
    ,    ,    ,    ,    ,    ,    ,    ,    ,    ,    ,    ,    ,    ,    ,    ,    ,    ,    
    ,    ,    ,    ,    ,    ,    ,    ,    ,    ,    ,    ,    ,    ,    ,    ,    ,    ,    
    ,    ,    ,    ,    ,    ,    ,    ,    ,    ,    ,    ,    ,    ,    ,    ,    ,    ,    
0
    ,    ,    ,    ,    ,    ,    ,    ,    ,    ,    ,    ,    ,    ,    ,    ,    ,    ,    
    ,    ,    ,    ,    ,    ,    ,    ,    ,    ,    ,    ,    ,    ,    ,    ,    ,    ,    
    ,    ,    ,    ,    ,    ,    ,    ,    ,    ,    ,    ,    ,    ,    ,    ,    ,    ,    
    ,    ,    ,    ,    ,    ,    ,    ,    ,    ,    ,    ,    ,    ,    ,    ,    ,    ,    
    ,    ,    ,    ,    ,    ,    ,    ,    ,    ,    ,    ,    ,    ,    ,    ,    ,    ,    
    ,    ,    ,    ,    ,    ,    ,    ,    ,    ,    ,    ,    ,    ,    ,    ,    ,    ,    
    ,    ,    ,    ,    ,    ,    ,    ,    ,    ,    ,    ,    ,    ,    ,    ,    ,    ,    
    ,    ,    ,    ,    ,    ,    ,    ,    ,    ,    ,    ,    ,    ,    ,    ,    ,    ,    
0
    ,    ,    ,    ,    ,    ,    ,    ,    ,    ,    ,    ,    ,    ,    ,    ,    ,    ,    
    ,    ,    ,    ,    ,    ,    ,    ,    ,    ,    ,    ,    ,    ,    ,    ,    ,    ,    
    ,    ,    ,    ,    ,    ,    ,    ,    ,    ,    ,    ,    ,    ,    ,    ,    ,    ,    
    ,    ,    ,    ,    ,    ,    ,    ,    ,    ,    ,    ,    ,    ,    ,    ,    ,    ,    
    ,    ,    ,    ,    ,    ,    ,    ,    ,    ,    ,    ,    ,    ,    ,    ,    ,    ,    
    ,    ,    ,    ,    ,    ,    ,    ,    ,    ,    ,    ,    ,    ,    ,    ,    ,    ,    
    ,    ,    ,    ,    ,    ,    ,    ,    ,    ,    ,    ,    ,    ,    ,    ,    ,    ,    
    ,    ,    ,    ,    ,    ,    ,    ,    ,    ,    ,    ,    ,    ,    ,    ,    ,    ,    
0
    ,    ,    ,    ,    ,    ,    ,    ,    ,    ,    ,    ,    ,    ,    ,    ,    ,    ,    
    ,    ,    ,    ,    ,    ,    ,    ,    ,    ,    ,    ,    ,    ,    ,    ,    ,    ,    
    ,    ,    ,    ,    ,    ,    ,    ,    ,    ,    ,    ,    ,    ,    ,    ,    ,    ,    
    ,    ,    ,    ,    ,    ,    ,    ,    ,    ,    ,    ,    ,    ,    ,    ,    ,    ,    
    ,    ,    ,    ,    ,    ,    ,    ,    ,    ,    ,    ,    ,    ,    ,    ,    ,    ,    
    ,    ,    ,    ,    ,    ,    ,    ,    ,    ,    ,    ,    ,    ,    ,    ,    ,    ,    
    ,    ,    ,    ,    ,    ,    ,    ,    ,    ,    ,    ,    ,    ,    ,    ,    ,    ,    
    ,    ,    ,    ,    ,    ,    ,    ,    ,    ,    ,    ,    ,    ,    ,    ,    ,    ,    
0
    ,    ,    ,    ,    ,    ,    ,    ,    ,    ,    ,    ,    ,    ,    ,    ,    ,    ,    
    ,    ,    ,    ,    ,    ,    ,    ,    ,    ,    ,    ,    ,    ,    ,    ,    ,    ,    
    ,    ,    ,    ,    ,    ,    ,    ,    ,    ,    ,    ,    ,    ,    ,    ,    ,    ,    
    ,    ,    ,    ,    ,    ,    ,    ,    ,    ,    ,    ,    ,    ,    ,    ,    ,    ,    
    ,    ,    ,    ,    ,    ,    ,    ,    ,    ,    ,    ,    ,    ,    ,    ,    ,    ,    
    ,    ,    ,    ,    ,    ,    ,    ,    ,    ,    ,    ,    ,    ,    ,    ,    ,    ,    
    ,    ,    ,    ,    ,    ,    ,    ,    ,    ,    ,    ,    ,    ,    ,    ,    ,    ,    
    ,    ,    ,    ,    ,    ,    ,    ,    ,    ,    ,    ,    ,    ,    ,    ,    ,    ,    
0
    ,    ,    ,    ,    ,    ,    ,    ,    ,    ,    ,    ,    ,    ,    ,    ,    ,    ,    
    ,    ,    ,    ,    ,    ,    ,    ,    ,    ,    ,    ,    ,    ,    ,    ,    ,    ,    
    ,    ,    ,    ,    ,    ,    ,    ,    ,    ,    ,    ,    ,    ,    ,    ,    ,    ,    
    ,    ,    ,    ,    ,    ,    ,    ,    ,    ,    ,    ,    ,    ,    ,    ,    ,    ,    
    ,    ,    ,    ,    ,    ,    ,    ,    ,    ,    ,    ,    ,    ,    ,    ,    ,    ,    
    ,    ,    ,    ,    ,    ,    ,    ,    ,    ,    ,    ,    ,    ,    ,    ,    ,    ,    
    ,    ,    ,    ,    ,    ,    ,    ,    ,    ,    ,    ,    ,    ,    ,    ,    ,    ,    
    ,    ,    ,    ,    ,    ,    ,    ,    ,    ,    ,    ,    ,    ,    ,    ,    ,    ,    
